281 2137
0 1 2.84
0 2 1.84
0 3 1.84
0 4 1.84
0 5 1.84
0 6 1.2
0 7 1.84
0 8 1.84
0 9 1.84
0 10 1.84
0 11 1.84
0 12 1.84
0 13 1.84
1 2 2.84
1 3 2.84
1 4 2.84
1 5 2.84
1 6 2.2
1 7 2.84
1 8 2.84
1 1 1.84
1 9 2.84
1 10 2.84
1 11 2.84
1 12 2.84
1 13 2.84
2 3 1.84
2 4 1.84
2 5 1.84
2 6 1.2
2 7 1.84
2 8 1.84
2 9 1.84
2 10 1.84
2 11 1.84
2 12 1.84
2 13 1.84
3 4 1.84
3 5 3.78666666667
3 6 1.2
3 7 1.84
3 8 1.84
3 9 1.84
3 10 1.84
3 11 1.84
3 12 1.84
3 13 1.84
4 5 1.84
4 6 1.2
4 7 1.84
4 8 1.84
4 9 1.84
4 10 1.84
4 11 1.84
4 12 1.84
4 13 1.84
5 6 1.2
5 7 1.84
5 8 1.84
5 9 1.84
5 10 1.84
5 11 1.84
5 12 1.84
5 13 1.84
6 7 1.2
6 8 1.2
6 9 1.2
6 10 1.2
6 11 1.2
6 12 1.2
6 13 1.2
7 8 1.84
7 9 1.84
7 10 1.84
7 11 1.84
7 12 1.84
7 13 1.84
8 9 1.84
8 10 1.84
8 11 1.84
8 12 1.84
8 13 1.84
9 10 1.84
9 11 1.84
9 12 1.84
9 13 1.84
10 11 1.84
10 12 1.84
10 13 1.84
11 12 1.84
11 13 1.84
12 13 1.84
14 15 1.84
14 16 1.84
14 17 1.84
14 18 1.84
14 19 1.84
14 20 1.84
14 21 1.84
14 22 1.68
14 23 1.84
14 24 1.84
14 25 1.84
14 26 1.84
14 27 1.84
14 28 1.84
15 16 1.84
15 17 1.84
15 18 1.84
15 19 1.84
15 20 1.84
15 21 1.84
15 22 1.68
15 23 1.84
15 24 1.84
15 25 1.84
15 26 1.84
15 27 1.84
15 28 1.84
16 17 1.84
16 18 1.84
16 19 1.84
16 20 1.84
16 21 1.84
16 22 1.68
16 23 1.84
16 24 1.84
16 25 1.84
16 26 1.84
16 27 1.84
16 28 1.84
17 18 1.84
17 19 1.84
17 20 1.84
17 21 1.84
17 22 1.68
17 23 1.84
17 24 1.84
17 25 1.84
17 26 1.84
17 27 1.84
17 28 1.84
18 19 1.84
18 20 1.84
18 21 1.84
18 22 1.68
18 23 1.84
18 24 1.84
18 25 1.84
18 26 1.84
18 27 1.84
18 28 1.84
19 20 1.84
19 21 1.84
19 22 1.68
19 23 1.84
19 24 1.84
19 25 1.84
19 26 1.84
19 27 1.84
19 28 1.84
20 21 1.84
20 22 1.68
20 23 1.84
20 24 1.84
20 25 1.84
20 26 1.84
20 27 1.84
20 28 1.84
21 22 1.68
21 23 1.84
21 24 1.84
21 25 1.84
21 26 1.84
21 27 1.84
21 28 1.84
22 23 1.68
22 24 1.68
22 25 1.68
22 26 1.68
22 27 1.68
22 28 1.68
23 24 1.84
23 25 1.84
23 26 1.84
23 27 1.84
23 28 1.84
24 25 1.84
24 26 1.84
24 27 1.84
24 28 1.84
25 26 1.84
25 27 1.84
25 28 1.84
26 27 1.84
26 28 1.84
27 28 1.84
29 30 1.2
29 31 1.2
29 32 1.2
29 33 1.2
29 34 1.2
29 35 1.36
29 36 1.2
29 37 1.2
29 38 1.2
29 39 1.2
29 40 1.36
29 41 1.2
29 42 1.2
29 11 1.36
30 31 1.84
30 32 1.84
30 33 1.84
30 34 1.84
30 35 1.68
30 36 1.84
30 37 1.84
30 38 1.84
30 39 1.84
30 40 1.68
30 41 1.84
30 42 1.84
30 11 1.68
31 32 1.84
31 33 1.84
31 34 1.84
31 35 1.68
31 36 1.84
31 37 1.84
31 38 1.84
31 39 1.84
31 40 1.68
31 41 1.84
31 42 1.84
31 11 1.68
32 33 1.84
32 34 1.84
32 35 1.68
32 36 1.84
32 37 1.84
32 38 1.84
32 39 1.84
32 40 1.68
32 41 1.84
32 42 1.84
32 11 1.68
33 34 1.84
33 35 1.68
33 36 1.84
33 37 1.84
33 38 1.84
33 39 1.84
33 40 1.68
33 41 1.84
33 42 1.84
33 11 1.68
34 35 1.68
34 36 1.84
34 37 1.84
34 38 1.84
34 39 1.84
34 40 1.68
34 41 1.84
34 42 1.84
34 11 1.68
35 36 1.68
35 37 1.68
35 38 1.68
35 39 1.68
35 40 1.84
35 41 1.68
35 42 1.68
35 11 1.84
36 37 1.84
36 38 1.84
36 39 1.84
36 40 1.68
36 41 1.84
36 42 1.84
36 11 1.68
37 38 1.84
37 39 1.84
37 40 1.68
37 41 1.84
37 42 1.84
37 11 1.68
38 39 1.84
38 40 1.68
38 41 1.84
38 42 1.84
38 11 1.68
39 40 1.68
39 41 1.84
39 42 1.84
39 11 1.68
40 41 1.68
40 42 1.68
40 11 1.84
41 42 1.84
41 11 1.68
42 11 1.68
43 44 1.84
43 45 1.84
43 46 1.84
43 47 1.84
43 48 1.84
43 49 1.84
43 50 1.84
43 51 1.2
43 52 1.36
43 53 1.84
43 54 1.68
43 55 1.52
43 56 1.84
43 57 1.84
44 45 1.84
44 46 1.84
44 47 1.84
44 48 1.84
44 49 1.84
44 50 1.84
44 51 1.2
44 52 1.36
44 53 1.84
44 54 1.68
44 55 1.52
44 56 1.84
44 57 1.84
45 46 1.84
45 47 1.84
45 48 1.84
45 49 1.84
45 50 1.84
45 51 1.2
45 52 1.36
45 53 1.84
45 54 1.68
45 55 1.52
45 56 1.84
45 57 1.84
46 47 1.84
46 48 1.84
46 49 1.84
46 50 1.84
46 51 1.2
46 52 1.36
46 53 1.84
46 54 1.68
46 55 1.52
46 56 1.84
46 57 1.84
47 48 1.84
47 49 1.84
47 50 1.84
47 51 1.2
47 52 1.36
47 53 1.84
47 54 1.68
47 55 1.52
47 56 1.84
47 57 1.84
48 49 1.84
48 50 1.84
48 51 1.2
48 52 1.36
48 53 1.84
48 54 1.68
48 55 1.52
48 56 1.84
48 57 1.84
49 50 1.84
49 51 1.2
49 52 1.36
49 53 1.84
49 54 1.68
49 55 1.52
49 56 1.84
49 57 1.84
50 51 1.2
50 52 1.36
50 53 1.84
50 54 1.68
50 55 1.52
50 56 1.84
50 57 1.84
51 52 1.68
51 53 1.2
51 54 1.36
51 55 1.52
51 56 1.2
51 57 1.2
52 53 1.36
52 54 1.52
52 55 1.68
52 56 1.36
52 57 1.36
53 54 1.68
53 55 1.52
53 56 1.84
53 57 1.84
54 55 1.68
54 56 1.68
54 57 1.68
55 56 1.52
55 57 1.52
56 57 1.84
58 59 1.68
58 60 1.84
58 61 1.84
58 62 1.84
58 63 1.84
58 64 1.84
58 65 1.84
58 66 1.84
58 67 1.84
58 68 1.84
58 69 1.84
58 70 1.84
58 71 1.84
58 72 1.84
59 60 1.68
59 61 1.68
59 62 1.68
59 63 1.68
59 64 1.68
59 65 1.68
59 66 1.68
59 67 1.68
59 68 1.68
59 69 1.68
59 70 1.68
59 71 1.68
59 72 1.68
60 61 1.84
60 62 1.84
60 63 1.84
60 64 1.84
60 65 1.84
60 66 1.84
60 67 1.84
60 68 1.84
60 69 1.84
60 70 1.84
60 71 1.84
60 72 1.84
61 62 1.84
61 63 1.84
61 64 1.84
61 65 1.84
61 66 1.84
61 67 1.84
61 68 1.84
61 69 1.84
61 70 1.84
61 71 1.84
61 72 1.84
62 63 1.84
62 64 1.84
62 65 1.84
62 66 1.84
62 67 1.84
62 68 1.84
62 69 1.84
62 70 1.84
62 71 1.84
62 72 1.84
63 64 1.84
63 65 1.84
63 66 1.84
63 67 1.84
63 68 1.84
63 69 1.84
63 70 1.84
63 71 1.84
63 72 1.84
64 65 1.84
64 66 1.84
64 67 1.84
64 68 1.84
64 69 1.84
64 70 1.84
64 71 1.84
64 72 1.84
65 66 1.84
65 67 1.84
65 68 1.84
65 69 1.84
65 70 1.84
65 71 1.84
65 72 1.84
66 67 1.84
66 68 1.84
66 69 1.84
66 70 1.84
66 71 1.84
66 72 1.84
67 68 1.84
67 69 1.84
67 70 1.84
67 71 1.84
67 72 1.84
68 69 1.84
68 70 1.84
68 71 1.84
68 72 1.84
69 70 1.84
69 71 1.84
69 72 1.84
70 71 1.84
70 72 1.84
71 72 1.84
73 74 1.68
73 75 1.68
73 76 1.84
73 77 1.68
73 78 2.68
73 79 1.68
73 80 1.68
73 41 1.68
73 81 1.68
73 82 1.68
73 83 1.68
73 3 1.68
73 84 1.68
74 75 1.84
74 76 1.68
74 77 1.84
74 78 2.84
74 79 1.84
74 80 1.84
74 41 1.84
74 81 1.84
74 82 1.84
74 83 1.84
74 3 1.84
74 84 1.52
75 76 1.68
75 77 1.84
75 78 2.84
75 79 1.84
75 80 1.84
75 41 1.84
75 81 1.84
75 82 1.84
75 83 1.84
75 3 1.84
75 84 1.52
76 77 1.68
76 78 2.68
76 79 1.68
76 80 1.68
76 41 1.68
76 81 1.68
76 82 1.68
76 83 1.68
76 3 1.68
76 84 1.68
77 78 2.84
77 79 1.84
77 80 1.84
77 41 1.84
77 81 1.84
77 82 1.84
77 83 1.84
77 3 1.84
77 84 1.52
78 79 2.84
78 80 2.84
78 41 2.84
78 78 1.84
78 81 2.84
78 82 2.84
78 83 2.84
78 3 2.84
78 84 2.52
79 80 1.84
79 41 1.84
79 81 1.84
79 82 1.84
79 83 1.84
79 3 1.84
79 84 1.52
80 41 1.84
80 81 1.84
80 82 1.84
80 83 1.84
80 3 1.84
80 84 1.52
41 81 1.84
41 82 1.84
41 83 1.84
41 3 2.76
41 84 1.52
81 82 1.84
81 83 1.84
81 3 1.84
81 84 1.52
82 83 1.84
82 3 1.84
82 84 1.52
83 3 1.84
83 84 1.52
3 84 1.52
85 86 1.84
85 87 1.68
85 88 1.84
85 89 1.68
85 90 1.84
85 91 1.84
85 92 1.84
85 93 1.84
85 94 1.84
85 22 1.84
85 95 1.84
85 96 1.84
85 97 1.84
85 98 1.84
86 87 1.68
86 88 1.84
86 89 1.68
86 90 1.84
86 91 1.84
86 92 1.84
86 93 1.84
86 94 1.84
86 22 1.84
86 95 1.84
86 96 1.84
86 97 1.84
86 98 1.84
87 88 1.68
87 89 1.84
87 90 1.68
87 91 1.68
87 92 1.68
87 93 1.68
87 94 1.68
87 22 1.68
87 95 1.68
87 96 1.68
87 97 1.68
87 98 1.68
88 89 1.68
88 90 1.84
88 91 1.84
88 92 1.84
88 93 1.84
88 94 1.84
88 22 1.84
88 95 1.84
88 96 1.84
88 97 1.84
88 98 1.84
89 90 1.68
89 91 1.68
89 92 1.68
89 93 1.68
89 94 1.68
89 22 1.68
89 95 1.68
89 96 1.68
89 97 1.68
89 98 1.68
90 91 1.84
90 92 1.84
90 93 1.84
90 94 1.84
90 22 1.84
90 95 1.84
90 96 1.84
90 97 1.84
90 98 1.84
91 92 1.84
91 93 1.84
91 94 1.84
91 22 1.84
91 95 1.84
91 96 1.84
91 97 1.84
91 98 1.84
92 93 1.84
92 94 1.84
92 22 1.84
92 95 1.84
92 96 1.84
92 97 1.84
92 98 1.84
93 94 1.84
93 22 1.84
93 95 1.84
93 96 1.84
93 97 1.84
93 98 1.84
94 22 1.84
94 95 1.84
94 96 1.84
94 97 1.84
94 98 1.84
22 95 1.84
22 96 1.84
22 97 1.84
22 98 1.84
95 96 1.84
95 97 1.84
95 98 1.84
96 97 1.84
96 98 1.84
97 98 1.84
99 100 1.84
99 101 1.68
99 102 1.84
99 103 1.84
99 104 1.84
99 105 1.84
99 106 1.84
99 107 1.84
99 108 1.84
99 109 1.84
99 110 1.84
99 111 1.68
99 112 1.68
99 113 1.68
100 101 1.68
100 102 1.84
100 103 1.84
100 104 1.84
100 105 1.84
100 106 1.84
100 107 1.84
100 108 1.84
100 109 1.84
100 110 1.84
100 111 1.68
100 112 1.68
100 113 1.68
101 102 1.68
101 103 1.68
101 104 1.68
101 105 1.68
101 106 1.68
101 107 1.68
101 108 1.68
101 109 1.68
101 110 1.68
101 111 1.84
101 112 1.84
101 113 1.84
102 103 1.84
102 104 1.84
102 105 1.84
102 106 1.84
102 107 1.84
102 108 1.84
102 109 1.84
102 110 1.84
102 111 1.68
102 112 1.68
102 113 1.68
103 104 1.84
103 105 1.84
103 106 1.84
103 107 1.84
103 108 1.84
103 109 1.84
103 110 1.84
103 111 1.68
103 112 1.68
103 113 1.68
104 105 1.84
104 106 1.84
104 107 1.84
104 108 1.84
104 109 1.84
104 110 1.84
104 111 1.68
104 112 1.68
104 113 1.68
105 106 1.84
105 107 1.84
105 108 1.84
105 109 1.84
105 110 1.84
105 111 1.68
105 112 1.68
105 113 1.68
106 107 1.84
106 108 1.84
106 109 1.84
106 110 1.84
106 111 1.68
106 112 1.68
106 113 1.68
107 108 1.84
107 109 1.84
107 110 1.84
107 111 1.68
107 112 1.68
107 113 1.68
108 109 1.84
108 110 1.84
108 111 1.68
108 112 1.68
108 113 1.68
109 110 1.84
109 111 1.68
109 112 1.68
109 113 1.68
110 111 1.68
110 112 1.68
110 113 1.68
111 112 1.84
111 113 1.84
112 113 1.84
114 115 1.84
114 116 2.84
114 117 1.84
114 118 2.84
114 119 1.84
114 120 1.84
114 121 1.84
114 122 1.84
114 123 1.84
114 124 1.84
114 125 1.84
114 126 1.84
115 116 2.84
115 117 1.84
115 118 2.84
115 119 1.84
115 120 1.84
115 121 1.84
115 122 1.84
115 123 1.84
115 124 1.84
115 125 1.84
115 126 1.84
116 117 2.84
116 118 4.84
116 119 2.84
116 120 2.84
116 121 2.84
116 122 2.84
116 123 2.84
116 116 1.84
116 124 2.84
116 125 2.84
116 126 2.84
117 118 2.84
117 119 1.84
117 120 1.84
117 121 1.84
117 122 1.84
117 123 1.84
117 124 1.84
117 125 1.84
117 126 1.84
118 119 2.84
118 120 2.84
118 121 2.84
118 122 2.84
118 123 2.84
118 118 1.84
118 124 2.84
118 125 2.84
118 126 2.84
119 120 1.84
119 121 1.84
119 122 1.84
119 123 1.84
119 124 1.84
119 125 1.84
119 126 1.84
120 121 1.84
120 122 1.84
120 123 1.84
120 124 1.84
120 125 1.84
120 126 1.84
121 122 1.84
121 123 1.84
121 124 1.84
121 125 1.84
121 126 1.84
122 123 1.84
122 124 1.84
122 125 1.84
122 126 1.84
123 124 1.84
123 125 1.84
123 126 1.84
124 125 1.84
124 126 1.84
125 126 1.84
127 128 1.84
127 3 3.78666666667
127 22 1.84
127 129 1.68
127 130 1.84
127 131 1.84
127 132 1.36
127 133 1.68
127 5 1.84
127 134 1.84
127 135 1.84
127 136 1.84
127 137 1.84
128 3 2.76
128 22 1.84
128 129 1.68
128 130 1.84
128 131 1.84
128 132 1.36
128 133 1.68
128 5 1.84
128 134 1.84
128 135 1.84
128 136 1.84
128 137 1.84
3 22 2.76
3 129 2.76
3 130 2.76
3 131 2.76
3 132 2.44
3 133 2.76
3 3 1.68
3 134 2.76
3 135 2.76
3 136 2.76
3 137 2.76
22 129 1.68
22 130 1.84
22 131 1.84
22 132 1.36
22 133 1.68
22 5 1.84
22 134 1.84
22 135 1.84
22 136 1.84
22 137 1.84
129 130 1.68
129 131 1.68
129 132 1.52
129 133 1.84
129 5 1.68
129 134 1.68
129 135 1.68
129 136 1.68
129 137 1.68
130 131 1.84
130 132 1.36
130 133 1.68
130 5 1.84
130 134 1.84
130 135 1.84
130 136 1.84
130 137 1.84
131 132 1.36
131 133 1.68
131 5 1.84
131 134 1.84
131 135 1.84
131 136 1.84
131 137 1.84
132 133 1.52
132 5 1.36
132 134 1.36
132 135 1.36
132 136 1.36
132 137 1.36
133 5 1.68
133 134 1.68
133 135 1.68
133 136 1.68
133 137 1.68
5 134 1.84
5 135 1.84
5 136 1.84
5 137 1.84
134 135 1.84
134 136 1.84
134 137 1.84
135 136 1.84
135 137 1.84
136 137 1.84
138 139 1.84
138 3 1.84
138 140 1.84
138 141 1.84
138 142 1.84
138 127 1.84
138 143 1.68
138 144 1.84
138 145 1.84
138 146 1.84
138 147 1.84
138 148 1.84
138 149 1.84
138 150 1.84
139 3 1.84
139 140 1.84
139 141 1.84
139 142 1.84
139 127 1.84
139 143 1.68
139 144 1.84
139 145 1.84
139 146 1.84
139 147 1.84
139 148 1.84
139 149 1.84
139 150 1.84
3 140 1.84
3 141 1.84
3 142 1.84
3 143 1.68
3 144 1.84
3 145 1.84
3 146 2.84
3 147 1.84
3 148 1.84
3 149 1.84
3 150 1.84
140 141 1.84
140 142 1.84
140 127 1.84
140 143 1.68
140 144 1.84
140 145 1.84
140 146 1.84
140 147 1.84
140 148 1.84
140 149 1.84
140 150 1.84
141 142 1.84
141 127 1.84
141 143 1.68
141 144 1.84
141 145 1.84
141 146 1.84
141 147 1.84
141 148 1.84
141 149 1.84
141 150 1.84
142 127 1.84
142 143 1.68
142 144 1.84
142 145 1.84
142 146 1.84
142 147 1.84
142 148 1.84
142 149 1.84
142 150 1.84
127 143 1.68
127 144 1.84
127 145 1.84
127 146 1.84
127 147 1.84
127 148 1.84
127 149 1.84
127 150 1.84
143 144 1.68
143 145 1.68
143 146 1.68
143 147 1.68
143 148 1.68
143 149 1.68
143 150 1.68
144 145 1.84
144 146 1.84
144 147 1.84
144 148 1.84
144 149 1.84
144 150 1.84
145 146 1.84
145 147 1.84
145 148 1.84
145 149 1.84
145 150 1.84
146 147 1.84
146 148 1.84
146 149 1.84
146 150 1.84
147 148 1.84
147 149 1.84
147 150 1.84
148 149 1.84
148 150 1.84
149 150 1.84
41 151 1.68
41 152 1.68
41 153 1.68
41 154 1.68
41 155 1.84
41 156 1.52
41 157 1.68
41 122 1.84
41 158 1.84
41 159 1.68
41 160 1.68
41 161 1.84
41 162 1.68
41 163 1.36
151 152 1.84
151 153 1.84
151 154 1.84
151 155 1.68
151 156 1.36
151 157 1.84
151 122 1.68
151 158 1.68
151 159 1.84
151 160 1.52
151 161 1.68
151 162 1.84
151 163 1.2
152 153 1.84
152 154 1.84
152 155 1.68
152 156 1.36
152 157 1.84
152 122 1.68
152 158 1.68
152 159 1.84
152 160 1.52
152 161 1.68
152 162 1.84
152 163 1.2
153 154 1.84
153 155 1.68
153 156 1.36
153 157 1.84
153 122 1.68
153 158 1.68
153 159 1.84
153 160 1.52
153 161 1.68
153 162 1.84
153 163 1.2
154 155 1.68
154 156 1.36
154 157 1.84
154 122 1.68
154 158 1.68
154 159 1.84
154 160 1.52
154 161 1.68
154 162 1.84
154 163 1.2
155 156 1.52
155 157 1.68
155 122 1.84
155 158 1.84
155 159 1.68
155 160 1.68
155 161 1.84
155 162 1.68
155 163 1.36
156 157 1.36
156 122 1.52
156 158 1.52
156 159 1.36
156 160 1.68
156 161 1.52
156 162 1.36
156 163 1.68
157 122 1.68
157 158 1.68
157 159 1.84
157 160 1.52
157 161 1.68
157 162 1.84
157 163 1.2
122 158 1.84
122 159 1.68
122 160 1.68
122 161 1.84
122 162 1.68
122 163 1.36
158 159 1.68
158 160 1.68
158 161 1.84
158 162 1.68
158 163 1.36
159 160 1.52
159 161 1.68
159 162 1.84
159 163 1.2
160 161 1.68
160 162 1.52
160 163 1.52
161 162 1.68
161 163 1.36
162 163 1.2
164 165 1.68
164 166 1.84
164 167 1.68
164 168 1.84
164 169 1.84
164 170 1.68
164 171 1.84
164 172 1.84
164 173 1.84
164 174 1.84
164 175 1.84
164 176 1.84
164 3 1.84
164 177 1.68
165 166 1.68
165 167 1.84
165 168 1.68
165 169 1.68
165 170 1.84
165 171 1.68
165 172 1.68
165 173 1.68
165 174 1.68
165 175 1.68
165 176 1.68
165 3 1.68
165 177 1.84
166 167 1.68
166 168 1.84
166 169 1.84
166 170 1.68
166 171 1.84
166 172 1.84
166 173 1.84
166 174 1.84
166 175 1.84
166 176 1.84
166 3 1.84
166 177 1.68
167 168 1.68
167 169 1.68
167 170 1.84
167 171 1.68
167 172 1.68
167 173 1.68
167 174 1.68
167 175 1.68
167 176 1.68
167 3 1.68
167 177 1.84
168 169 1.84
168 170 1.68
168 171 1.84
168 172 1.84
168 173 1.84
168 174 1.84
168 175 1.84
168 176 1.84
168 3 1.84
168 177 1.68
169 170 1.68
169 171 1.84
169 172 1.84
169 173 1.84
169 174 1.84
169 175 1.84
169 176 1.84
169 3 1.84
169 177 1.68
170 171 1.68
170 172 1.68
170 173 1.68
170 174 1.68
170 175 1.68
170 176 1.68
170 3 1.68
170 177 1.84
171 172 1.84
171 173 1.84
171 174 1.84
171 175 1.84
171 176 1.84
171 3 1.84
171 177 1.68
172 173 1.84
172 174 1.84
172 175 1.84
172 176 1.84
172 3 1.84
172 177 1.68
173 174 1.84
173 175 1.84
173 176 1.84
173 3 1.84
173 177 1.68
174 175 1.84
174 176 1.84
174 3 1.84
174 177 1.68
175 176 1.84
175 3 1.84
175 177 1.68
176 3 1.84
176 177 1.68
3 177 1.68
178 179 1.68
178 3 1.84
178 180 1.68
178 181 1.68
178 182 1.84
178 183 1.84
178 184 1.68
178 185 1.84
178 186 1.68
178 187 1.84
178 188 1.68
178 109 1.84
178 189 1.84
178 190 1.84
179 3 1.68
179 180 1.84
179 181 1.84
179 182 1.68
179 183 1.68
179 184 1.84
179 185 1.68
179 186 1.84
179 187 1.68
179 188 1.84
179 109 1.68
179 189 1.68
179 190 1.68
3 180 1.68
3 181 1.68
3 182 1.84
3 183 1.84
3 184 1.68
3 185 1.84
3 186 1.68
3 187 1.84
3 188 1.68
3 109 1.84
3 189 1.84
3 190 1.84
180 181 1.84
180 182 1.68
180 183 1.68
180 184 1.84
180 185 1.68
180 186 1.84
180 187 1.68
180 188 1.84
180 109 1.68
180 189 1.68
180 190 1.68
181 182 1.68
181 183 1.68
181 184 1.84
181 185 1.68
181 186 1.84
181 187 1.68
181 188 1.84
181 109 1.68
181 189 1.68
181 190 1.68
182 183 1.84
182 184 1.68
182 185 1.84
182 186 1.68
182 187 1.84
182 188 1.68
182 109 1.84
182 189 1.84
182 190 1.84
183 184 1.68
183 185 1.84
183 186 1.68
183 187 1.84
183 188 1.68
183 109 1.84
183 189 1.84
183 190 1.84
184 185 1.68
184 186 1.84
184 187 1.68
184 188 1.84
184 109 1.68
184 189 1.68
184 190 1.68
185 186 1.68
185 187 1.84
185 188 1.68
185 109 1.84
185 189 1.84
185 190 1.84
186 187 1.68
186 188 1.84
186 109 1.68
186 189 1.68
186 190 1.68
187 188 1.68
187 109 1.84
187 189 1.84
187 190 1.84
188 109 1.68
188 189 1.68
188 190 1.68
109 189 1.84
109 190 1.84
189 190 1.84
191 192 1.84
191 193 1.84
191 194 1.84
191 195 1.68
191 196 1.84
191 139 1.84
191 197 1.84
191 198 1.84
191 11 1.84
191 199 1.84
191 200 1.84
191 201 1.84
191 202 1.84
191 203 1.84
192 193 1.84
192 194 1.84
192 195 1.68
192 196 1.84
192 139 1.84
192 197 1.84
192 198 1.84
192 11 1.84
192 199 1.84
192 200 1.84
192 201 1.84
192 202 1.84
192 203 1.84
193 194 1.84
193 195 1.68
193 196 1.84
193 139 1.84
193 197 1.84
193 198 1.84
193 11 1.84
193 199 1.84
193 200 1.84
193 201 1.84
193 202 1.84
193 203 1.84
194 195 1.68
194 196 1.84
194 139 1.84
194 197 1.84
194 198 1.84
194 11 1.84
194 199 1.84
194 200 1.84
194 201 1.84
194 202 1.84
194 203 1.84
195 196 1.68
195 139 1.68
195 197 1.68
195 198 1.68
195 11 1.68
195 199 1.68
195 200 1.68
195 201 1.68
195 202 1.68
195 203 1.68
196 139 1.84
196 197 1.84
196 198 1.84
196 11 1.84
196 199 1.84
196 200 1.84
196 201 1.84
196 202 1.84
196 203 1.84
139 197 1.84
139 198 1.84
139 11 1.84
139 199 1.84
139 200 1.84
139 201 1.84
139 202 1.84
139 203 1.84
197 198 1.84
197 11 1.84
197 199 1.84
197 200 1.84
197 201 1.84
197 202 1.84
197 203 1.84
198 11 1.84
198 199 1.84
198 200 1.84
198 201 1.84
198 202 1.84
198 203 1.84
11 199 1.84
11 200 1.84
11 201 1.84
11 202 1.84
11 203 1.84
199 200 1.84
199 201 1.84
199 202 1.84
199 203 1.84
200 201 1.84
200 202 1.84
200 203 1.84
201 202 1.84
201 203 1.84
202 203 1.84
204 205 1.84
204 206 1.84
204 207 1.84
204 208 1.84
204 209 1.68
204 210 1.68
204 211 1.84
204 109 1.84
204 212 1.68
204 213 1.84
204 214 1.84
204 215 1.68
204 216 1.84
204 55 1.68
205 206 1.84
205 207 1.84
205 208 1.84
205 209 1.68
205 210 1.68
205 211 1.84
205 109 1.84
205 212 1.68
205 213 1.84
205 214 1.84
205 215 1.68
205 216 1.84
205 55 1.68
206 207 1.84
206 208 1.84
206 209 1.68
206 210 1.68
206 211 1.84
206 109 1.84
206 212 1.68
206 213 1.84
206 214 1.84
206 215 1.68
206 216 1.84
206 55 1.68
207 208 1.84
207 209 1.68
207 210 1.68
207 211 1.84
207 109 1.84
207 212 1.68
207 213 1.84
207 214 1.84
207 215 1.68
207 216 1.84
207 55 1.68
208 209 1.68
208 210 1.68
208 211 1.84
208 109 1.84
208 212 1.68
208 213 1.84
208 214 1.84
208 215 1.68
208 216 1.84
208 55 1.68
209 210 1.84
209 211 1.68
209 109 1.68
209 212 1.84
209 213 1.68
209 214 1.68
209 215 1.84
209 216 1.68
209 55 1.84
210 211 1.68
210 109 1.68
210 212 1.84
210 213 1.68
210 214 1.68
210 215 1.84
210 216 1.68
210 55 1.84
211 109 1.84
211 212 1.68
211 213 1.84
211 214 1.84
211 215 1.68
211 216 1.84
211 55 1.68
109 212 1.68
109 213 1.84
109 214 1.84
109 215 1.68
109 216 1.84
109 55 1.68
212 213 1.68
212 214 1.68
212 215 1.84
212 216 1.68
212 55 1.84
213 214 1.84
213 215 1.68
213 216 1.84
213 55 1.68
214 215 1.68
214 216 1.84
214 55 1.68
215 216 1.68
215 55 1.84
216 55 1.68
20 217 1.84
20 218 1.84
20 219 1.84
20 220 1.84
20 221 1.84
20 222 1.84
20 223 1.84
20 224 1.84
20 225 1.84
20 226 1.68
20 227 1.84
20 228 1.84
20 229 1.84
20 230 1.84
217 218 1.84
217 219 1.84
217 220 1.84
217 221 1.84
217 222 1.84
217 223 1.84
217 224 1.84
217 225 1.84
217 226 1.68
217 227 1.84
217 228 1.84
217 229 1.84
217 230 1.84
218 219 1.84
218 220 1.84
218 221 1.84
218 222 1.84
218 223 1.84
218 224 1.84
218 225 1.84
218 226 1.68
218 227 1.84
218 228 1.84
218 229 1.84
218 230 1.84
219 220 1.84
219 221 1.84
219 222 1.84
219 223 1.84
219 224 1.84
219 225 1.84
219 226 1.68
219 227 1.84
219 228 1.84
219 229 1.84
219 230 1.84
220 221 1.84
220 222 1.84
220 223 1.84
220 224 1.84
220 225 1.84
220 226 1.68
220 227 1.84
220 228 1.84
220 229 1.84
220 230 1.84
221 222 1.84
221 223 1.84
221 224 1.84
221 225 1.84
221 226 1.68
221 227 1.84
221 228 1.84
221 229 1.84
221 230 1.84
222 223 1.84
222 224 1.84
222 225 1.84
222 226 1.68
222 227 1.84
222 228 1.84
222 229 1.84
222 230 1.84
223 224 1.84
223 225 1.84
223 226 1.68
223 227 1.84
223 228 1.84
223 229 1.84
223 230 1.84
224 225 1.84
224 226 1.68
224 227 1.84
224 228 1.84
224 229 1.84
224 230 1.84
225 226 1.68
225 227 1.84
225 228 1.84
225 229 1.84
225 230 1.84
226 227 1.68
226 228 1.68
226 229 1.68
226 230 1.68
227 228 1.84
227 229 1.84
227 230 1.84
228 229 1.84
228 230 1.84
229 230 1.84
231 232 1.68
231 233 1.68
231 41 1.84
231 234 1.84
231 235 1.84
231 3 1.68
231 236 1.84
231 237 1.84
231 238 1.84
231 239 1.84
231 240 1.84
231 241 1.84
231 242 1.84
231 243 1.84
232 233 1.84
232 41 1.68
232 234 1.68
232 235 1.68
232 3 1.84
232 236 1.68
232 237 1.68
232 238 1.68
232 239 1.68
232 240 1.68
232 241 1.68
232 242 1.68
232 243 1.68
233 41 1.68
233 234 1.68
233 235 1.68
233 3 1.84
233 236 1.68
233 237 1.68
233 238 1.68
233 239 1.68
233 240 1.68
233 241 1.68
233 242 1.68
233 243 1.68
41 234 1.84
41 235 1.84
41 236 1.84
41 237 1.84
41 238 1.84
41 239 1.84
41 240 1.84
41 241 1.84
41 242 1.84
41 243 1.84
234 235 1.84
234 3 1.68
234 236 1.84
234 237 1.84
234 238 1.84
234 239 1.84
234 240 1.84
234 241 1.84
234 242 1.84
234 243 1.84
235 3 1.68
235 236 1.84
235 237 1.84
235 238 1.84
235 239 1.84
235 240 1.84
235 241 1.84
235 242 1.84
235 243 1.84
3 236 1.68
3 237 1.68
3 238 1.68
3 239 1.68
3 240 1.68
3 241 1.68
3 242 1.68
3 243 1.68
236 237 1.84
236 238 1.84
236 239 1.84
236 240 1.84
236 241 1.84
236 242 1.84
236 243 1.84
237 238 1.84
237 239 1.84
237 240 1.84
237 241 1.84
237 242 1.84
237 243 1.84
238 239 1.84
238 240 1.84
238 241 1.84
238 242 1.84
238 243 1.84
239 240 1.84
239 241 1.84
239 242 1.84
239 243 1.84
240 241 1.84
240 242 1.84
240 243 1.84
241 242 1.84
241 243 1.84
242 243 1.84
244 245 1.84
244 246 1.68
244 8 1.84
244 247 1.84
244 248 1.84
244 249 1.84
244 250 1.84
244 251 1.68
244 252 1.84
244 253 1.68
244 254 1.84
244 255 1.52
244 28 1.84
244 230 1.84
245 246 1.68
245 8 1.84
245 247 1.84
245 248 1.84
245 249 1.84
245 250 1.84
245 251 1.68
245 252 1.84
245 253 1.68
245 254 1.84
245 255 1.52
245 28 1.84
245 230 1.84
246 8 1.68
246 247 1.68
246 248 1.68
246 249 1.68
246 250 1.68
246 251 1.84
246 252 1.68
246 253 1.84
246 254 1.68
246 255 1.68
246 28 1.68
246 230 1.68
8 247 1.84
8 248 1.84
8 249 1.84
8 250 1.84
8 251 1.68
8 252 1.84
8 253 1.68
8 254 1.84
8 255 1.52
8 28 1.84
8 230 1.84
247 248 1.84
247 249 1.84
247 250 1.84
247 251 1.68
247 252 1.84
247 253 1.68
247 254 1.84
247 255 1.52
247 28 1.84
247 230 1.84
248 249 1.84
248 250 1.84
248 251 1.68
248 252 1.84
248 253 1.68
248 254 1.84
248 255 1.52
248 28 1.84
248 230 1.84
249 250 1.84
249 251 1.68
249 252 1.84
249 253 1.68
249 254 1.84
249 255 1.52
249 28 1.84
249 230 1.84
250 251 1.68
250 252 1.84
250 253 1.68
250 254 1.84
250 255 1.52
250 28 1.84
250 230 1.84
251 252 1.68
251 253 1.84
251 254 1.68
251 255 1.68
251 28 1.68
251 230 1.68
252 253 1.68
252 254 1.84
252 255 1.52
252 28 1.84
252 230 1.84
253 254 1.68
253 255 1.68
253 28 1.68
253 230 1.68
254 255 1.52
254 28 1.84
254 230 1.84
255 28 1.52
255 230 1.52
28 230 1.84
256 3 1.84
256 123 1.84
256 257 1.84
256 258 1.84
256 259 1.84
256 260 1.84
256 261 1.84
256 262 1.68
256 263 1.84
256 264 1.84
256 265 1.84
256 266 1.84
256 267 1.84
256 268 1.84
3 123 1.84
3 257 1.84
3 258 1.84
3 259 1.84
3 260 1.84
3 261 1.84
3 262 1.68
3 263 1.84
3 264 1.84
3 265 1.84
3 266 1.84
3 267 1.84
3 268 1.84
123 257 1.84
123 258 1.84
123 259 1.84
123 260 1.84
123 261 1.84
123 262 1.68
123 263 1.84
123 264 1.84
123 265 1.84
123 266 1.84
123 267 1.84
123 268 1.84
257 258 1.84
257 259 1.84
257 260 1.84
257 261 1.84
257 262 1.68
257 263 1.84
257 264 1.84
257 265 1.84
257 266 1.84
257 267 1.84
257 268 1.84
258 259 1.84
258 260 1.84
258 261 1.84
258 262 1.68
258 263 1.84
258 264 1.84
258 265 1.84
258 266 1.84
258 267 1.84
258 268 1.84
259 260 1.84
259 261 1.84
259 262 1.68
259 263 1.84
259 264 1.84
259 265 1.84
259 266 1.84
259 267 1.84
259 268 1.84
260 261 1.84
260 262 1.68
260 263 1.84
260 264 1.84
260 265 1.84
260 266 1.84
260 267 1.84
260 268 1.84
261 262 1.68
261 263 1.84
261 264 1.84
261 265 1.84
261 266 1.84
261 267 1.84
261 268 1.84
262 263 1.68
262 264 1.68
262 265 1.68
262 266 1.68
262 267 1.68
262 268 1.68
263 264 1.84
263 265 1.84
263 266 1.84
263 267 1.84
263 268 1.84
264 265 1.84
264 266 1.84
264 267 1.84
264 268 1.84
265 266 1.84
265 267 1.84
265 268 1.84
266 267 1.84
266 268 1.84
267 268 1.84
269 270 1.84
269 271 1.84
269 272 1.84
269 273 1.84
269 146 1.84
269 274 1.68
269 275 1.68
269 276 1.68
269 277 1.68
269 3 1.84
269 278 1.68
269 250 1.68
269 279 1.68
269 280 1.68
270 271 1.84
270 272 1.84
270 273 1.84
270 146 1.84
270 274 1.68
270 275 1.68
270 276 1.68
270 277 1.68
270 3 1.84
270 278 1.68
270 250 1.68
270 279 1.68
270 280 1.68
271 272 1.84
271 273 1.84
271 146 1.84
271 274 1.68
271 275 1.68
271 276 1.68
271 277 1.68
271 3 1.84
271 278 1.68
271 250 1.68
271 279 1.68
271 280 1.68
272 273 1.84
272 146 1.84
272 274 1.68
272 275 1.68
272 276 1.68
272 277 1.68
272 3 1.84
272 278 1.68
272 250 1.68
272 279 1.68
272 280 1.68
273 146 1.84
273 274 1.68
273 275 1.68
273 276 1.68
273 277 1.68
273 3 1.84
273 278 1.68
273 250 1.68
273 279 1.68
273 280 1.68
146 274 1.68
146 275 1.68
146 276 1.68
146 277 1.68
146 278 1.68
146 250 1.68
146 279 1.68
146 280 1.68
274 275 1.84
274 276 1.84
274 277 1.52
274 3 1.68
274 278 1.84
274 250 1.84
274 279 1.84
274 280 1.84
275 276 1.84
275 277 1.52
275 3 1.68
275 278 1.84
275 250 1.84
275 279 1.84
275 280 1.84
276 277 1.52
276 3 1.68
276 278 1.84
276 250 1.84
276 279 1.84
276 280 1.84
277 3 1.68
277 278 1.52
277 250 1.52
277 279 1.52
277 280 1.52
3 278 1.68
3 250 1.68
3 279 1.68
3 280 1.68
278 250 1.84
278 279 1.84
278 280 1.84
250 279 1.84
250 280 1.84
279 280 1.84
